DangerType: None
WaveSpeed: 0.5
WaveLength: 0.75
WaveAmplitude: 0.04166141
SecondWaveLength: 0.1666667
SecondWaveAmplitude: 0
EffectColorB: 21
Effects: FireFlies-1-30-30, 
PlacedObjects: DangleFruit><210.3367><478.6346><0~0~2~3, DangleFruit><243.3143><447.6755><0~0~2~3, DangleFruit><638.3671><511.6005><0~0~2~3, DevToken><523.5842><415.3619><-15~-57~44~-129~0~~White|Yellow|Red|Rivulet|Artificer|Saint|Gourmand~0~0~0~1~0~0~0~1, 
FadePalette: 10, 1
